{
 "cells": [
  {
   "cell_type": "code",
   "execution_count": 1,
   "id": "initial_id",
   "metadata": {
    "collapsed": true,
    "ExecuteTime": {
     "end_time": "2025-01-05T18:17:11.817347400Z",
     "start_time": "2025-01-05T18:16:58.394079900Z"
    }
   },
   "outputs": [
    {
     "name": "stdout",
     "output_type": "stream",
     "text": [
      "------------------------------------------------------------\n",
      "  cycle        total energy    energy error   density error\n",
      "------------------------------------------------------------\n",
      "      1     -39.14199430414  -3.9590297E+01   2.2598797E-01\n",
      "      2     -39.51922589780  -3.7723159E-01   9.5807320E-02\n",
      "      3     -39.54366983419  -2.4443936E-02   5.6799881E-02\n",
      "      4     -39.55644020146  -1.2770367E-02   2.4222391E-02\n",
      "      5     -39.56730294319  -1.0862742E-02   7.7458718E-03\n",
      "      6     -39.56766155357  -3.5861038E-04   3.4017483E-03\n",
      "      7     -39.56777392744  -1.1237386E-04   1.5094271E-03\n",
      "      8     -39.56779950979  -2.5582353E-05   5.4071331E-04\n",
      "      9     -39.56780147074  -1.9609468E-06   2.6985472E-04\n",
      "     10     -39.56780190168  -4.3094400E-07   1.2198837E-04\n",
      "     11     -39.56780206582  -1.6413820E-07   3.5441577E-05\n",
      "     12     -39.56780207166  -5.8381247E-09   1.8710312E-05\n",
      "------------------------------------------------------------\n",
      "\n",
      " total:                                   0.293 sec\n",
      "3\n",
      "{'bond-orders': array([[ 0.00000000e+00,  1.29032114e-01,  1.37524837e+00,\n",
      "         3.94066029e-03,  8.27060482e-04,  1.39949878e+00,\n",
      "         9.26092309e-03,  3.85207516e-02,  6.29114181e-04,\n",
      "         8.94597956e-03,  1.46929327e-02,  5.50191904e-04,\n",
      "         1.31050770e-02,  5.33077594e-04,  9.67262120e-01,\n",
      "         8.60899685e-04,  1.31242902e-03,  1.39750435e-02,\n",
      "         2.27297262e-05,  6.30726507e-05,  1.11321954e-05],\n",
      "       [ 1.29032114e-01,  0.00000000e+00,  3.28331965e-03,\n",
      "         1.38798427e+00,  1.01176263e-03,  2.77546576e-03,\n",
      "         1.43385626e+00,  1.32144311e-03,  4.44598547e-03,\n",
      "         1.43703071e-03,  1.13551593e-02,  1.03197300e-02,\n",
      "         1.70176343e-02,  2.92028702e-04,  4.39292850e-04,\n",
      "         9.67197940e-01,  1.16627044e-02,  1.93161351e-03,\n",
      "         2.37657662e-04,  2.62253150e-04,  3.43554345e-05],\n",
      "       [ 1.37524837e+00,  3.28331965e-03,  0.00000000e+00,\n",
      "         1.49650940e+00,  3.45897259e-04,  2.76183449e-03,\n",
      "         1.00570340e-01,  2.58447512e-03,  2.41112721e-03,\n",
      "         4.37769351e-04,  1.08374152e-02,  2.27001725e-03,\n",
      "         5.94375342e-03,  2.79224708e-05,  1.75067248e-03,\n",
      "         7.91612122e-03,  9.70524357e-01,  2.27279845e-03,\n",
      "         6.66775214e-07,  1.54744319e-04,  1.36908886e-05],\n",
      "       [ 3.94066029e-03,  1.38798427e+00,  1.49650940e+00,\n",
      "         0.00000000e+00,  1.16751403e-03,  8.33280552e-02,\n",
      "         3.42966893e-03,  1.15114172e-02,  8.85359751e-04,\n",
      "         3.41639669e-03,  4.68943813e-03,  9.60584356e-04,\n",
      "         1.26262160e-02,  3.09646863e-05,  7.65102930e-03,\n",
      "        -1.75132096e-04,  1.07781114e-03,  9.63230217e-01,\n",
      "         1.34018432e-04,  1.15412360e-05,  7.22968042e-06],\n",
      "       [ 8.27060482e-04,  1.01176263e-03,  3.45897259e-04,\n",
      "         1.16751403e-03,  0.00000000e+00,  6.99652093e-04,\n",
      "         2.86950728e-02,  7.46890171e-05,  6.52654883e-02,\n",
      "         1.99415553e-05,  1.79881290e-04,  9.66451803e-01,\n",
      "         1.29415361e-02,  8.65414371e-07,  1.08677038e-04,\n",
      "         2.32133531e-04,  3.36152198e-05,  9.70471146e-05,\n",
      "         9.74851602e-01,  9.53862533e-01,  9.80785384e-01],\n",
      "       [ 1.39949878e+00,  2.77546576e-03,  2.76183449e-03,\n",
      "         8.33280552e-02,  6.99652093e-04,  0.00000000e+00,\n",
      "         1.35420240e+00,  4.74455463e-02,  4.46945668e-03,\n",
      "         1.13072696e-02,  1.02661185e+00,  4.95449157e-03,\n",
      "         2.08865604e-02,  9.90552099e-03,  8.03685391e-04,\n",
      "         9.04367618e-03,  7.35723585e-03, -4.63814360e-07,\n",
      "         6.01635984e-06,  2.93670245e-04,  2.11461985e-05],\n",
      "       [ 9.26092309e-03,  1.43385626e+00,  1.00570340e-01,\n",
      "         3.42966893e-03,  2.86950728e-02,  1.35420240e+00,\n",
      "         0.00000000e+00,  2.02171663e-02,  6.27320912e-03,\n",
      "         1.41927763e-02,  7.96927809e-03,  5.11221182e-03,\n",
      "         9.10687039e-01,  5.39080484e-04,  9.89483728e-03,\n",
      "         2.74402990e-03,  4.61406840e-04,  9.91482106e-03,\n",
      "         1.22095443e-03,  6.09327103e-04,  4.14340275e-04],\n",
      "       [ 3.85207516e-02,  1.32144311e-03,  2.58447512e-03,\n",
      "         1.15114172e-02,  7.46890171e-05,  4.74455463e-02,\n",
      "         2.02171663e-02,  0.00000000e+00,  8.19812280e-04,\n",
      "         1.74916070e-01,  1.78718335e+00,  3.40201736e-04,\n",
      "         1.82554223e-03,  4.90111416e-03,  9.13837911e-05,\n",
      "         9.89767543e-05,  5.04883864e-04,  6.12065995e-05,\n",
      "         1.49730619e-06,  5.47603331e-05,  7.95812778e-07],\n",
      "       [ 6.29114181e-04,  4.44598547e-03,  2.41112721e-03,\n",
      "         8.85359751e-04,  6.52654883e-02,  4.46945668e-03,\n",
      "         6.27320912e-03,  8.19812280e-04,  0.00000000e+00,\n",
      "         2.35328576e-04,  6.16601997e-04,  1.78163475e+00,\n",
      "         1.66589139e-01,  3.16030372e-06,  8.18562691e-05,\n",
      "         4.10543192e-05,  1.41864804e-05,  8.97823853e-05,\n",
      "         5.66264167e-03,  1.73092015e-02,  9.56793713e-03],\n",
      "       [ 8.94597956e-03,  1.43703071e-03,  4.37769351e-04,\n",
      "         3.41639669e-03,  1.99415553e-05,  1.13072696e-02,\n",
      "         1.41927763e-02,  1.74916070e-01,  2.35328576e-04,\n",
      "         0.00000000e+00,  1.05133631e+00,  1.74468458e-04,\n",
      "         5.55066106e-04,  8.74484566e-01,  8.12385945e-04,\n",
      "         4.30976533e-04,  5.09849911e-05,  4.72906689e-05,\n",
      "         4.30304921e-06,  1.20196523e-05,  1.84551526e-07],\n",
      "       [ 1.46929327e-02,  1.13551593e-02,  1.08374152e-02,\n",
      "         4.68943813e-03,  1.79881290e-04,  1.02661185e+00,\n",
      "         7.96927809e-03,  1.78718335e+00,  6.16601997e-04,\n",
      "         1.05133631e+00,  0.00000000e+00,  3.86055459e-04,\n",
      "         2.79873709e-03,  1.71453366e-03,  1.04449007e-03,\n",
      "         9.23862955e-04,  6.80002836e-04,  6.41938522e-04,\n",
      "         2.47922139e-05,  1.75185281e-05,  5.98871730e-07],\n",
      "       [ 5.50191904e-04,  1.03197300e-02,  2.27001725e-03,\n",
      "         9.60584356e-04,  9.66451803e-01,  4.95449157e-03,\n",
      "         5.11221182e-03,  3.40201736e-04,  1.78163475e+00,\n",
      "         1.74468458e-04,  3.86055459e-04,  0.00000000e+00,\n",
      "         1.12251747e+00,  8.21715563e-06,  5.79417375e-05,\n",
      "         1.74609906e-04,  1.97624172e-05,  1.68266579e-04,\n",
      "         4.48982039e-03,  1.20162069e-02,  1.44460227e-03],\n",
      "       [ 1.31050770e-02,  1.70176343e-02,  5.94375342e-03,\n",
      "         1.26262160e-02,  1.29415361e-02,  2.08865604e-02,\n",
      "         9.10687039e-01,  1.82554223e-03,  1.66589139e-01,\n",
      "         5.55066106e-04,  2.79873709e-03,  1.12251747e+00,\n",
      "         0.00000000e+00,  1.79856798e-05,  1.86317519e-03,\n",
      "         3.08108217e-03,  3.88977291e-04,  8.85685817e-04,\n",
      "         7.38322915e-03,  5.87255652e-03,  1.33102105e-03],\n",
      "       [ 5.33077594e-04,  2.92028702e-04,  2.79224708e-05,\n",
      "         3.09646863e-05,  8.65414371e-07,  9.90552099e-03,\n",
      "         5.39080484e-04,  4.90111416e-03,  3.16030372e-06,\n",
      "         8.74484566e-01,  1.71453366e-03,  8.21715563e-06,\n",
      "         1.79856798e-05,  0.00000000e+00, -4.78920015e-06,\n",
      "         6.39013413e-05,  2.01388904e-06,  9.58287700e-07,\n",
      "         4.15957284e-07,  7.27852002e-08,  1.05450021e-09],\n",
      "       [ 9.67262120e-01,  4.39292850e-04,  1.75067248e-03,\n",
      "         7.65102930e-03,  1.08677038e-04,  8.03685391e-04,\n",
      "         9.89483728e-03,  9.13837911e-05,  8.18562691e-05,\n",
      "         8.12385945e-04,  1.04449007e-03,  5.79417375e-05,\n",
      "         1.86317519e-03, -4.78920015e-06,  0.00000000e+00,\n",
      "         7.68748087e-05,  9.20168862e-04,  8.63693465e-04,\n",
      "         2.46896316e-06,  1.07159069e-05,  1.88386786e-06],\n",
      "       [ 8.60899685e-04,  9.67197940e-01,  7.91612122e-03,\n",
      "        -1.75132096e-04,  2.32133531e-04,  9.04367618e-03,\n",
      "         2.74402990e-03,  9.89767543e-05,  4.10543192e-05,\n",
      "         4.30976533e-04,  9.23862955e-04,  1.74609906e-04,\n",
      "         3.08108217e-03,  6.39013413e-05,  7.68748087e-05,\n",
      "         0.00000000e+00,  1.00669755e-03,  7.19075822e-04,\n",
      "         2.23904873e-05,  4.40860471e-06,  2.19655752e-06],\n",
      "       [ 1.31242902e-03,  1.16627044e-02,  9.70524357e-01,\n",
      "         1.07781114e-03,  3.36152198e-05,  7.35723585e-03,\n",
      "         4.61406840e-04,  5.04883864e-04,  1.41864804e-05,\n",
      "         5.09849911e-05,  6.80002836e-04,  1.97624172e-05,\n",
      "         3.88977291e-04,  2.01388904e-06,  9.20168862e-04,\n",
      "         1.00669755e-03,  0.00000000e+00,  8.18967170e-04,\n",
      "         3.45076362e-06,  3.94301473e-07,  1.32973302e-07],\n",
      "       [ 1.39750435e-02,  1.93161351e-03,  2.27279845e-03,\n",
      "         9.63230217e-01,  9.70471146e-05, -4.63814360e-07,\n",
      "         9.91482106e-03,  6.12065995e-05,  8.97823853e-05,\n",
      "         4.72906689e-05,  6.41938522e-04,  1.68266579e-04,\n",
      "         8.85685817e-04,  9.58287700e-07,  8.63693465e-04,\n",
      "         7.19075822e-04,  8.18967170e-04,  0.00000000e+00,\n",
      "         2.17350728e-05,  7.50686420e-07,  1.83307668e-07],\n",
      "       [ 2.27297262e-05,  2.37657662e-04,  6.66775214e-07,\n",
      "         1.34018432e-04,  9.74851602e-01,  6.01635984e-06,\n",
      "         1.22095443e-03,  1.49730619e-06,  5.66264167e-03,\n",
      "         4.30304921e-06,  2.47922139e-05,  4.48982039e-03,\n",
      "         7.38322915e-03,  4.15957284e-07,  2.46896316e-06,\n",
      "         2.23904873e-05,  3.45076362e-06,  2.17350728e-05,\n",
      "         0.00000000e+00,  6.63085067e-04,  2.12473152e-04],\n",
      "       [ 6.30726507e-05,  2.62253150e-04,  1.54744319e-04,\n",
      "         1.15412360e-05,  9.53862533e-01,  2.93670245e-04,\n",
      "         6.09327103e-04,  5.47603331e-05,  1.73092015e-02,\n",
      "         1.20196523e-05,  1.75185281e-05,  1.20162069e-02,\n",
      "         5.87255652e-03,  7.27852002e-08,  1.07159069e-05,\n",
      "         4.40860471e-06,  3.94301473e-07,  7.50686420e-07,\n",
      "         6.63085067e-04,  0.00000000e+00,  2.26811810e-03],\n",
      "       [ 1.11321954e-05,  3.43554345e-05,  1.36908886e-05,\n",
      "         7.22968042e-06,  9.80785384e-01,  2.11461985e-05,\n",
      "         4.14340275e-04,  7.95812778e-07,  9.56793713e-03,\n",
      "         1.84551526e-07,  5.98871730e-07,  1.44460227e-03,\n",
      "         1.33102105e-03,  1.05450021e-09,  1.88386786e-06,\n",
      "         2.19655752e-06,  1.32973302e-07,  1.83307668e-07,\n",
      "         2.12473152e-04,  2.26811810e-03,  0.00000000e+00]])}\n",
      "{'bond-orders': array([[ 0.00000000e+00,  1.29032114e-01,  1.37524837e+00,\n",
      "         3.94066029e-03,  8.27060482e-04,  1.39949878e+00,\n",
      "         9.26092309e-03,  3.85207516e-02,  6.29114181e-04,\n",
      "         8.94597956e-03,  1.46929327e-02,  5.50191904e-04,\n",
      "         1.31050770e-02,  5.33077594e-04,  9.67262120e-01,\n",
      "         8.60899685e-04,  1.31242902e-03,  1.39750435e-02,\n",
      "         2.27297262e-05,  6.30726507e-05,  1.11321954e-05],\n",
      "       [ 1.29032114e-01,  0.00000000e+00,  3.28331965e-03,\n",
      "         1.38798427e+00,  1.01176263e-03,  2.77546576e-03,\n",
      "         1.43385626e+00,  1.32144311e-03,  4.44598547e-03,\n",
      "         1.43703071e-03,  1.13551593e-02,  1.03197300e-02,\n",
      "         1.70176343e-02,  2.92028702e-04,  4.39292850e-04,\n",
      "         9.67197940e-01,  1.16627044e-02,  1.93161351e-03,\n",
      "         2.37657662e-04,  2.62253150e-04,  3.43554345e-05],\n",
      "       [ 1.37524837e+00,  3.28331965e-03,  0.00000000e+00,\n",
      "         1.49650940e+00,  3.45897259e-04,  2.76183449e-03,\n",
      "         1.00570340e-01,  2.58447512e-03,  2.41112721e-03,\n",
      "         4.37769351e-04,  1.08374152e-02,  2.27001725e-03,\n",
      "         5.94375342e-03,  2.79224708e-05,  1.75067248e-03,\n",
      "         7.91612122e-03,  9.70524357e-01,  2.27279845e-03,\n",
      "         6.66775214e-07,  1.54744319e-04,  1.36908886e-05],\n",
      "       [ 3.94066029e-03,  1.38798427e+00,  1.49650940e+00,\n",
      "         0.00000000e+00,  1.16751403e-03,  8.33280552e-02,\n",
      "         3.42966893e-03,  1.15114172e-02,  8.85359751e-04,\n",
      "         3.41639669e-03,  4.68943813e-03,  9.60584356e-04,\n",
      "         1.26262160e-02,  3.09646863e-05,  7.65102930e-03,\n",
      "        -1.75132096e-04,  1.07781114e-03,  9.63230217e-01,\n",
      "         1.34018432e-04,  1.15412360e-05,  7.22968042e-06],\n",
      "       [ 8.27060482e-04,  1.01176263e-03,  3.45897259e-04,\n",
      "         1.16751403e-03,  0.00000000e+00,  6.99652093e-04,\n",
      "         2.86950728e-02,  7.46890171e-05,  6.52654883e-02,\n",
      "         1.99415553e-05,  1.79881290e-04,  9.66451803e-01,\n",
      "         1.29415361e-02,  8.65414371e-07,  1.08677038e-04,\n",
      "         2.32133531e-04,  3.36152198e-05,  9.70471146e-05,\n",
      "         9.74851602e-01,  9.53862533e-01,  9.80785384e-01],\n",
      "       [ 1.39949878e+00,  2.77546576e-03,  2.76183449e-03,\n",
      "         8.33280552e-02,  6.99652093e-04,  0.00000000e+00,\n",
      "         1.35420240e+00,  4.74455463e-02,  4.46945668e-03,\n",
      "         1.13072696e-02,  1.02661185e+00,  4.95449157e-03,\n",
      "         2.08865604e-02,  9.90552099e-03,  8.03685391e-04,\n",
      "         9.04367618e-03,  7.35723585e-03, -4.63814360e-07,\n",
      "         6.01635984e-06,  2.93670245e-04,  2.11461985e-05],\n",
      "       [ 9.26092309e-03,  1.43385626e+00,  1.00570340e-01,\n",
      "         3.42966893e-03,  2.86950728e-02,  1.35420240e+00,\n",
      "         0.00000000e+00,  2.02171663e-02,  6.27320912e-03,\n",
      "         1.41927763e-02,  7.96927809e-03,  5.11221182e-03,\n",
      "         9.10687039e-01,  5.39080484e-04,  9.89483728e-03,\n",
      "         2.74402990e-03,  4.61406840e-04,  9.91482106e-03,\n",
      "         1.22095443e-03,  6.09327103e-04,  4.14340275e-04],\n",
      "       [ 3.85207516e-02,  1.32144311e-03,  2.58447512e-03,\n",
      "         1.15114172e-02,  7.46890171e-05,  4.74455463e-02,\n",
      "         2.02171663e-02,  0.00000000e+00,  8.19812280e-04,\n",
      "         1.74916070e-01,  1.78718335e+00,  3.40201736e-04,\n",
      "         1.82554223e-03,  4.90111416e-03,  9.13837911e-05,\n",
      "         9.89767543e-05,  5.04883864e-04,  6.12065995e-05,\n",
      "         1.49730619e-06,  5.47603331e-05,  7.95812778e-07],\n",
      "       [ 6.29114181e-04,  4.44598547e-03,  2.41112721e-03,\n",
      "         8.85359751e-04,  6.52654883e-02,  4.46945668e-03,\n",
      "         6.27320912e-03,  8.19812280e-04,  0.00000000e+00,\n",
      "         2.35328576e-04,  6.16601997e-04,  1.78163475e+00,\n",
      "         1.66589139e-01,  3.16030372e-06,  8.18562691e-05,\n",
      "         4.10543192e-05,  1.41864804e-05,  8.97823853e-05,\n",
      "         5.66264167e-03,  1.73092015e-02,  9.56793713e-03],\n",
      "       [ 8.94597956e-03,  1.43703071e-03,  4.37769351e-04,\n",
      "         3.41639669e-03,  1.99415553e-05,  1.13072696e-02,\n",
      "         1.41927763e-02,  1.74916070e-01,  2.35328576e-04,\n",
      "         0.00000000e+00,  1.05133631e+00,  1.74468458e-04,\n",
      "         5.55066106e-04,  8.74484566e-01,  8.12385945e-04,\n",
      "         4.30976533e-04,  5.09849911e-05,  4.72906689e-05,\n",
      "         4.30304921e-06,  1.20196523e-05,  1.84551526e-07],\n",
      "       [ 1.46929327e-02,  1.13551593e-02,  1.08374152e-02,\n",
      "         4.68943813e-03,  1.79881290e-04,  1.02661185e+00,\n",
      "         7.96927809e-03,  1.78718335e+00,  6.16601997e-04,\n",
      "         1.05133631e+00,  0.00000000e+00,  3.86055459e-04,\n",
      "         2.79873709e-03,  1.71453366e-03,  1.04449007e-03,\n",
      "         9.23862955e-04,  6.80002836e-04,  6.41938522e-04,\n",
      "         2.47922139e-05,  1.75185281e-05,  5.98871730e-07],\n",
      "       [ 5.50191904e-04,  1.03197300e-02,  2.27001725e-03,\n",
      "         9.60584356e-04,  9.66451803e-01,  4.95449157e-03,\n",
      "         5.11221182e-03,  3.40201736e-04,  1.78163475e+00,\n",
      "         1.74468458e-04,  3.86055459e-04,  0.00000000e+00,\n",
      "         1.12251747e+00,  8.21715563e-06,  5.79417375e-05,\n",
      "         1.74609906e-04,  1.97624172e-05,  1.68266579e-04,\n",
      "         4.48982039e-03,  1.20162069e-02,  1.44460227e-03],\n",
      "       [ 1.31050770e-02,  1.70176343e-02,  5.94375342e-03,\n",
      "         1.26262160e-02,  1.29415361e-02,  2.08865604e-02,\n",
      "         9.10687039e-01,  1.82554223e-03,  1.66589139e-01,\n",
      "         5.55066106e-04,  2.79873709e-03,  1.12251747e+00,\n",
      "         0.00000000e+00,  1.79856798e-05,  1.86317519e-03,\n",
      "         3.08108217e-03,  3.88977291e-04,  8.85685817e-04,\n",
      "         7.38322915e-03,  5.87255652e-03,  1.33102105e-03],\n",
      "       [ 5.33077594e-04,  2.92028702e-04,  2.79224708e-05,\n",
      "         3.09646863e-05,  8.65414371e-07,  9.90552099e-03,\n",
      "         5.39080484e-04,  4.90111416e-03,  3.16030372e-06,\n",
      "         8.74484566e-01,  1.71453366e-03,  8.21715563e-06,\n",
      "         1.79856798e-05,  0.00000000e+00, -4.78920015e-06,\n",
      "         6.39013413e-05,  2.01388904e-06,  9.58287700e-07,\n",
      "         4.15957284e-07,  7.27852002e-08,  1.05450021e-09],\n",
      "       [ 9.67262120e-01,  4.39292850e-04,  1.75067248e-03,\n",
      "         7.65102930e-03,  1.08677038e-04,  8.03685391e-04,\n",
      "         9.89483728e-03,  9.13837911e-05,  8.18562691e-05,\n",
      "         8.12385945e-04,  1.04449007e-03,  5.79417375e-05,\n",
      "         1.86317519e-03, -4.78920015e-06,  0.00000000e+00,\n",
      "         7.68748087e-05,  9.20168862e-04,  8.63693465e-04,\n",
      "         2.46896316e-06,  1.07159069e-05,  1.88386786e-06],\n",
      "       [ 8.60899685e-04,  9.67197940e-01,  7.91612122e-03,\n",
      "        -1.75132096e-04,  2.32133531e-04,  9.04367618e-03,\n",
      "         2.74402990e-03,  9.89767543e-05,  4.10543192e-05,\n",
      "         4.30976533e-04,  9.23862955e-04,  1.74609906e-04,\n",
      "         3.08108217e-03,  6.39013413e-05,  7.68748087e-05,\n",
      "         0.00000000e+00,  1.00669755e-03,  7.19075822e-04,\n",
      "         2.23904873e-05,  4.40860471e-06,  2.19655752e-06],\n",
      "       [ 1.31242902e-03,  1.16627044e-02,  9.70524357e-01,\n",
      "         1.07781114e-03,  3.36152198e-05,  7.35723585e-03,\n",
      "         4.61406840e-04,  5.04883864e-04,  1.41864804e-05,\n",
      "         5.09849911e-05,  6.80002836e-04,  1.97624172e-05,\n",
      "         3.88977291e-04,  2.01388904e-06,  9.20168862e-04,\n",
      "         1.00669755e-03,  0.00000000e+00,  8.18967170e-04,\n",
      "         3.45076362e-06,  3.94301473e-07,  1.32973302e-07],\n",
      "       [ 1.39750435e-02,  1.93161351e-03,  2.27279845e-03,\n",
      "         9.63230217e-01,  9.70471146e-05, -4.63814360e-07,\n",
      "         9.91482106e-03,  6.12065995e-05,  8.97823853e-05,\n",
      "         4.72906689e-05,  6.41938522e-04,  1.68266579e-04,\n",
      "         8.85685817e-04,  9.58287700e-07,  8.63693465e-04,\n",
      "         7.19075822e-04,  8.18967170e-04,  0.00000000e+00,\n",
      "         2.17350728e-05,  7.50686420e-07,  1.83307668e-07],\n",
      "       [ 2.27297262e-05,  2.37657662e-04,  6.66775214e-07,\n",
      "         1.34018432e-04,  9.74851602e-01,  6.01635984e-06,\n",
      "         1.22095443e-03,  1.49730619e-06,  5.66264167e-03,\n",
      "         4.30304921e-06,  2.47922139e-05,  4.48982039e-03,\n",
      "         7.38322915e-03,  4.15957284e-07,  2.46896316e-06,\n",
      "         2.23904873e-05,  3.45076362e-06,  2.17350728e-05,\n",
      "         0.00000000e+00,  6.63085067e-04,  2.12473152e-04],\n",
      "       [ 6.30726507e-05,  2.62253150e-04,  1.54744319e-04,\n",
      "         1.15412360e-05,  9.53862533e-01,  2.93670245e-04,\n",
      "         6.09327103e-04,  5.47603331e-05,  1.73092015e-02,\n",
      "         1.20196523e-05,  1.75185281e-05,  1.20162069e-02,\n",
      "         5.87255652e-03,  7.27852002e-08,  1.07159069e-05,\n",
      "         4.40860471e-06,  3.94301473e-07,  7.50686420e-07,\n",
      "         6.63085067e-04,  0.00000000e+00,  2.26811810e-03],\n",
      "       [ 1.11321954e-05,  3.43554345e-05,  1.36908886e-05,\n",
      "         7.22968042e-06,  9.80785384e-01,  2.11461985e-05,\n",
      "         4.14340275e-04,  7.95812778e-07,  9.56793713e-03,\n",
      "         1.84551526e-07,  5.98871730e-07,  1.44460227e-03,\n",
      "         1.33102105e-03,  1.05450021e-09,  1.88386786e-06,\n",
      "         2.19655752e-06,  1.32973302e-07,  1.83307668e-07,\n",
      "         2.12473152e-04,  2.26811810e-03,  0.00000000e+00]]), 'molecular-dipole': array([1.18461491, 0.42250774, 0.12338275])}\n",
      "{'bond-orders': array([[ 0.00000000e+00,  1.29032114e-01,  1.37524837e+00,\n",
      "         3.94066029e-03,  8.27060482e-04,  1.39949878e+00,\n",
      "         9.26092309e-03,  3.85207516e-02,  6.29114181e-04,\n",
      "         8.94597956e-03,  1.46929327e-02,  5.50191904e-04,\n",
      "         1.31050770e-02,  5.33077594e-04,  9.67262120e-01,\n",
      "         8.60899685e-04,  1.31242902e-03,  1.39750435e-02,\n",
      "         2.27297262e-05,  6.30726507e-05,  1.11321954e-05],\n",
      "       [ 1.29032114e-01,  0.00000000e+00,  3.28331965e-03,\n",
      "         1.38798427e+00,  1.01176263e-03,  2.77546576e-03,\n",
      "         1.43385626e+00,  1.32144311e-03,  4.44598547e-03,\n",
      "         1.43703071e-03,  1.13551593e-02,  1.03197300e-02,\n",
      "         1.70176343e-02,  2.92028702e-04,  4.39292850e-04,\n",
      "         9.67197940e-01,  1.16627044e-02,  1.93161351e-03,\n",
      "         2.37657662e-04,  2.62253150e-04,  3.43554345e-05],\n",
      "       [ 1.37524837e+00,  3.28331965e-03,  0.00000000e+00,\n",
      "         1.49650940e+00,  3.45897259e-04,  2.76183449e-03,\n",
      "         1.00570340e-01,  2.58447512e-03,  2.41112721e-03,\n",
      "         4.37769351e-04,  1.08374152e-02,  2.27001725e-03,\n",
      "         5.94375342e-03,  2.79224708e-05,  1.75067248e-03,\n",
      "         7.91612122e-03,  9.70524357e-01,  2.27279845e-03,\n",
      "         6.66775214e-07,  1.54744319e-04,  1.36908886e-05],\n",
      "       [ 3.94066029e-03,  1.38798427e+00,  1.49650940e+00,\n",
      "         0.00000000e+00,  1.16751403e-03,  8.33280552e-02,\n",
      "         3.42966893e-03,  1.15114172e-02,  8.85359751e-04,\n",
      "         3.41639669e-03,  4.68943813e-03,  9.60584356e-04,\n",
      "         1.26262160e-02,  3.09646863e-05,  7.65102930e-03,\n",
      "        -1.75132096e-04,  1.07781114e-03,  9.63230217e-01,\n",
      "         1.34018432e-04,  1.15412360e-05,  7.22968042e-06],\n",
      "       [ 8.27060482e-04,  1.01176263e-03,  3.45897259e-04,\n",
      "         1.16751403e-03,  0.00000000e+00,  6.99652093e-04,\n",
      "         2.86950728e-02,  7.46890171e-05,  6.52654883e-02,\n",
      "         1.99415553e-05,  1.79881290e-04,  9.66451803e-01,\n",
      "         1.29415361e-02,  8.65414371e-07,  1.08677038e-04,\n",
      "         2.32133531e-04,  3.36152198e-05,  9.70471146e-05,\n",
      "         9.74851602e-01,  9.53862533e-01,  9.80785384e-01],\n",
      "       [ 1.39949878e+00,  2.77546576e-03,  2.76183449e-03,\n",
      "         8.33280552e-02,  6.99652093e-04,  0.00000000e+00,\n",
      "         1.35420240e+00,  4.74455463e-02,  4.46945668e-03,\n",
      "         1.13072696e-02,  1.02661185e+00,  4.95449157e-03,\n",
      "         2.08865604e-02,  9.90552099e-03,  8.03685391e-04,\n",
      "         9.04367618e-03,  7.35723585e-03, -4.63814360e-07,\n",
      "         6.01635984e-06,  2.93670245e-04,  2.11461985e-05],\n",
      "       [ 9.26092309e-03,  1.43385626e+00,  1.00570340e-01,\n",
      "         3.42966893e-03,  2.86950728e-02,  1.35420240e+00,\n",
      "         0.00000000e+00,  2.02171663e-02,  6.27320912e-03,\n",
      "         1.41927763e-02,  7.96927809e-03,  5.11221182e-03,\n",
      "         9.10687039e-01,  5.39080484e-04,  9.89483728e-03,\n",
      "         2.74402990e-03,  4.61406840e-04,  9.91482106e-03,\n",
      "         1.22095443e-03,  6.09327103e-04,  4.14340275e-04],\n",
      "       [ 3.85207516e-02,  1.32144311e-03,  2.58447512e-03,\n",
      "         1.15114172e-02,  7.46890171e-05,  4.74455463e-02,\n",
      "         2.02171663e-02,  0.00000000e+00,  8.19812280e-04,\n",
      "         1.74916070e-01,  1.78718335e+00,  3.40201736e-04,\n",
      "         1.82554223e-03,  4.90111416e-03,  9.13837911e-05,\n",
      "         9.89767543e-05,  5.04883864e-04,  6.12065995e-05,\n",
      "         1.49730619e-06,  5.47603331e-05,  7.95812778e-07],\n",
      "       [ 6.29114181e-04,  4.44598547e-03,  2.41112721e-03,\n",
      "         8.85359751e-04,  6.52654883e-02,  4.46945668e-03,\n",
      "         6.27320912e-03,  8.19812280e-04,  0.00000000e+00,\n",
      "         2.35328576e-04,  6.16601997e-04,  1.78163475e+00,\n",
      "         1.66589139e-01,  3.16030372e-06,  8.18562691e-05,\n",
      "         4.10543192e-05,  1.41864804e-05,  8.97823853e-05,\n",
      "         5.66264167e-03,  1.73092015e-02,  9.56793713e-03],\n",
      "       [ 8.94597956e-03,  1.43703071e-03,  4.37769351e-04,\n",
      "         3.41639669e-03,  1.99415553e-05,  1.13072696e-02,\n",
      "         1.41927763e-02,  1.74916070e-01,  2.35328576e-04,\n",
      "         0.00000000e+00,  1.05133631e+00,  1.74468458e-04,\n",
      "         5.55066106e-04,  8.74484566e-01,  8.12385945e-04,\n",
      "         4.30976533e-04,  5.09849911e-05,  4.72906689e-05,\n",
      "         4.30304921e-06,  1.20196523e-05,  1.84551526e-07],\n",
      "       [ 1.46929327e-02,  1.13551593e-02,  1.08374152e-02,\n",
      "         4.68943813e-03,  1.79881290e-04,  1.02661185e+00,\n",
      "         7.96927809e-03,  1.78718335e+00,  6.16601997e-04,\n",
      "         1.05133631e+00,  0.00000000e+00,  3.86055459e-04,\n",
      "         2.79873709e-03,  1.71453366e-03,  1.04449007e-03,\n",
      "         9.23862955e-04,  6.80002836e-04,  6.41938522e-04,\n",
      "         2.47922139e-05,  1.75185281e-05,  5.98871730e-07],\n",
      "       [ 5.50191904e-04,  1.03197300e-02,  2.27001725e-03,\n",
      "         9.60584356e-04,  9.66451803e-01,  4.95449157e-03,\n",
      "         5.11221182e-03,  3.40201736e-04,  1.78163475e+00,\n",
      "         1.74468458e-04,  3.86055459e-04,  0.00000000e+00,\n",
      "         1.12251747e+00,  8.21715563e-06,  5.79417375e-05,\n",
      "         1.74609906e-04,  1.97624172e-05,  1.68266579e-04,\n",
      "         4.48982039e-03,  1.20162069e-02,  1.44460227e-03],\n",
      "       [ 1.31050770e-02,  1.70176343e-02,  5.94375342e-03,\n",
      "         1.26262160e-02,  1.29415361e-02,  2.08865604e-02,\n",
      "         9.10687039e-01,  1.82554223e-03,  1.66589139e-01,\n",
      "         5.55066106e-04,  2.79873709e-03,  1.12251747e+00,\n",
      "         0.00000000e+00,  1.79856798e-05,  1.86317519e-03,\n",
      "         3.08108217e-03,  3.88977291e-04,  8.85685817e-04,\n",
      "         7.38322915e-03,  5.87255652e-03,  1.33102105e-03],\n",
      "       [ 5.33077594e-04,  2.92028702e-04,  2.79224708e-05,\n",
      "         3.09646863e-05,  8.65414371e-07,  9.90552099e-03,\n",
      "         5.39080484e-04,  4.90111416e-03,  3.16030372e-06,\n",
      "         8.74484566e-01,  1.71453366e-03,  8.21715563e-06,\n",
      "         1.79856798e-05,  0.00000000e+00, -4.78920015e-06,\n",
      "         6.39013413e-05,  2.01388904e-06,  9.58287700e-07,\n",
      "         4.15957284e-07,  7.27852002e-08,  1.05450021e-09],\n",
      "       [ 9.67262120e-01,  4.39292850e-04,  1.75067248e-03,\n",
      "         7.65102930e-03,  1.08677038e-04,  8.03685391e-04,\n",
      "         9.89483728e-03,  9.13837911e-05,  8.18562691e-05,\n",
      "         8.12385945e-04,  1.04449007e-03,  5.79417375e-05,\n",
      "         1.86317519e-03, -4.78920015e-06,  0.00000000e+00,\n",
      "         7.68748087e-05,  9.20168862e-04,  8.63693465e-04,\n",
      "         2.46896316e-06,  1.07159069e-05,  1.88386786e-06],\n",
      "       [ 8.60899685e-04,  9.67197940e-01,  7.91612122e-03,\n",
      "        -1.75132096e-04,  2.32133531e-04,  9.04367618e-03,\n",
      "         2.74402990e-03,  9.89767543e-05,  4.10543192e-05,\n",
      "         4.30976533e-04,  9.23862955e-04,  1.74609906e-04,\n",
      "         3.08108217e-03,  6.39013413e-05,  7.68748087e-05,\n",
      "         0.00000000e+00,  1.00669755e-03,  7.19075822e-04,\n",
      "         2.23904873e-05,  4.40860471e-06,  2.19655752e-06],\n",
      "       [ 1.31242902e-03,  1.16627044e-02,  9.70524357e-01,\n",
      "         1.07781114e-03,  3.36152198e-05,  7.35723585e-03,\n",
      "         4.61406840e-04,  5.04883864e-04,  1.41864804e-05,\n",
      "         5.09849911e-05,  6.80002836e-04,  1.97624172e-05,\n",
      "         3.88977291e-04,  2.01388904e-06,  9.20168862e-04,\n",
      "         1.00669755e-03,  0.00000000e+00,  8.18967170e-04,\n",
      "         3.45076362e-06,  3.94301473e-07,  1.32973302e-07],\n",
      "       [ 1.39750435e-02,  1.93161351e-03,  2.27279845e-03,\n",
      "         9.63230217e-01,  9.70471146e-05, -4.63814360e-07,\n",
      "         9.91482106e-03,  6.12065995e-05,  8.97823853e-05,\n",
      "         4.72906689e-05,  6.41938522e-04,  1.68266579e-04,\n",
      "         8.85685817e-04,  9.58287700e-07,  8.63693465e-04,\n",
      "         7.19075822e-04,  8.18967170e-04,  0.00000000e+00,\n",
      "         2.17350728e-05,  7.50686420e-07,  1.83307668e-07],\n",
      "       [ 2.27297262e-05,  2.37657662e-04,  6.66775214e-07,\n",
      "         1.34018432e-04,  9.74851602e-01,  6.01635984e-06,\n",
      "         1.22095443e-03,  1.49730619e-06,  5.66264167e-03,\n",
      "         4.30304921e-06,  2.47922139e-05,  4.48982039e-03,\n",
      "         7.38322915e-03,  4.15957284e-07,  2.46896316e-06,\n",
      "         2.23904873e-05,  3.45076362e-06,  2.17350728e-05,\n",
      "         0.00000000e+00,  6.63085067e-04,  2.12473152e-04],\n",
      "       [ 6.30726507e-05,  2.62253150e-04,  1.54744319e-04,\n",
      "         1.15412360e-05,  9.53862533e-01,  2.93670245e-04,\n",
      "         6.09327103e-04,  5.47603331e-05,  1.73092015e-02,\n",
      "         1.20196523e-05,  1.75185281e-05,  1.20162069e-02,\n",
      "         5.87255652e-03,  7.27852002e-08,  1.07159069e-05,\n",
      "         4.40860471e-06,  3.94301473e-07,  7.50686420e-07,\n",
      "         6.63085067e-04,  0.00000000e+00,  2.26811810e-03],\n",
      "       [ 1.11321954e-05,  3.43554345e-05,  1.36908886e-05,\n",
      "         7.22968042e-06,  9.80785384e-01,  2.11461985e-05,\n",
      "         4.14340275e-04,  7.95812778e-07,  9.56793713e-03,\n",
      "         1.84551526e-07,  5.98871730e-07,  1.44460227e-03,\n",
      "         1.33102105e-03,  1.05450021e-09,  1.88386786e-06,\n",
      "         2.19655752e-06,  1.32973302e-07,  1.83307668e-07,\n",
      "         2.12473152e-04,  2.26811810e-03,  0.00000000e+00]]), 'molecular-dipole': array([1.18461491, 0.42250774, 0.12338275]), 'molecular-quadrupole': array([  6.91841043,  -1.78262624,   2.99220325, -14.30384642,\n",
      "       -11.60288607,  -9.91061368])}\n",
      "------------------------------------------------------------\n",
      "  cycle        total energy    energy error   density error\n",
      "------------------------------------------------------------\n",
      "      1     -39.55269511155  -3.9961900E+01   1.3123950E-01\n",
      "      2     -39.55573350073  -3.0383892E-03   7.7714649E-02\n",
      "      3     -39.55139831354   4.3351872E-03   1.6104653E-02\n",
      "      4     -39.55675926000  -5.3609465E-03   3.4537895E-03\n",
      "      5     -39.55686188756  -1.0262756E-04   1.8075484E-03\n",
      "      6     -39.55687242264  -1.0535082E-05   9.3000819E-04\n",
      "      7     -39.55687878219  -6.3595493E-06   2.6373684E-04\n",
      "      8     -39.55687910457  -3.2237602E-07   1.3067201E-04\n",
      "      9     -39.55687921873  -1.1416571E-07   4.8658576E-05\n",
      "     10     -39.55687924042  -2.1687342E-08   2.4117480E-05\n",
      "     11     -39.55687924680  -6.3821020E-09   1.0277738E-05\n",
      "------------------------------------------------------------\n",
      "\n",
      " total:                                   0.041 sec\n",
      "3\n",
      "{'bond-orders': array([[0.00000000e+00, 1.11799616e-01, 1.42104382e+00, 3.15921029e-03,\n",
      "        2.91533707e-04, 1.40855546e+00, 5.86634459e-03, 1.78388384e-02,\n",
      "        2.74771994e-04, 9.79320815e-03, 9.91143100e-03, 5.90399905e-04,\n",
      "        8.75022407e-03, 6.35706646e-04, 9.61510551e-01, 1.81245933e-04,\n",
      "        2.29604649e-03, 1.03339789e-02, 6.32953529e-05, 2.46612890e-07,\n",
      "        2.02066878e-05],\n",
      "       [1.11799616e-01, 0.00000000e+00, 1.93417815e-03, 1.43747735e+00,\n",
      "        1.60046630e-03, 3.39417411e-03, 1.38399281e+00, 2.29720781e-03,\n",
      "        6.31016813e-03, 2.18357004e-04, 1.29978589e-02, 1.87184303e-02,\n",
      "        2.41777027e-02, 1.00082890e-04, 4.77757017e-04, 9.68042070e-01,\n",
      "        1.13257323e-02, 8.27082584e-04, 3.93801874e-04, 8.47142515e-05,\n",
      "        4.44920319e-04],\n",
      "       [1.42104382e+00, 1.93417815e-03, 0.00000000e+00, 1.43620638e+00,\n",
      "        8.24765004e-04, 3.13402199e-03, 1.02767291e-01, 6.07722103e-04,\n",
      "        1.96442196e-03, 1.41354247e-03, 1.28624601e-02, 5.03393979e-03,\n",
      "        7.58090517e-03, 3.52616546e-04, 3.42444343e-03, 1.07586026e-02,\n",
      "        9.66494593e-01, 2.54628226e-03, 2.50495905e-04, 1.42240596e-06,\n",
      "        2.01189280e-06],\n",
      "       [3.15921029e-03, 1.43747735e+00, 1.43620638e+00, 0.00000000e+00,\n",
      "        4.80652960e-04, 9.29761741e-02, 2.37788443e-03, 1.00551577e-02,\n",
      "        8.84401957e-04, 2.23626750e-03, 5.00436667e-03, 1.25912524e-03,\n",
      "        9.55069387e-03, 4.38363913e-05, 1.00520244e-02, 1.08952845e-03,\n",
      "        1.55140473e-03, 9.67371120e-01, 4.67493196e-05, 2.17000280e-05,\n",
      "        6.87677481e-05],\n",
      "       [2.91533707e-04, 1.60046630e-03, 8.24765004e-04, 4.80652960e-04,\n",
      "        0.00000000e+00, 1.36001288e-03, 1.38246953e-02, 1.13165778e-04,\n",
      "        5.04103702e-02, 4.75810014e-05, 1.33707034e-04, 1.02100677e+00,\n",
      "        1.47497900e-02, 2.05058568e-06, 2.54017912e-05, 7.95512972e-05,\n",
      "        7.73076964e-06, 4.76284617e-05, 9.73048169e-01, 9.75430811e-01,\n",
      "        9.33150859e-01],\n",
      "       [1.40855546e+00, 3.39417411e-03, 3.13402199e-03, 9.29761741e-02,\n",
      "        1.36001288e-03, 0.00000000e+00, 1.34434270e+00, 6.00871280e-02,\n",
      "        5.65513938e-03, 1.65501545e-02, 9.61367109e-01, 1.36374270e-02,\n",
      "        3.02273442e-02, 1.24114989e-02, 1.32016241e-03, 8.79522875e-03,\n",
      "        1.02581870e-02, 2.76243919e-04, 4.78097078e-04, 3.37969886e-05,\n",
      "        2.92597408e-04],\n",
      "       [5.86634459e-03, 1.38399281e+00, 1.02767291e-01, 2.37788443e-03,\n",
      "        1.38246953e-02, 1.34434270e+00, 0.00000000e+00, 2.16345278e-02,\n",
      "        4.60194458e-03, 3.78809247e-03, 9.83078069e-03, 5.03228752e-03,\n",
      "        1.01519419e+00, 7.25921368e-05, 1.03506524e-02, 7.21330927e-04,\n",
      "        4.01871265e-04, 9.65050005e-03, 1.26832914e-03, 1.30585594e-04,\n",
      "        6.89725204e-05],\n",
      "       [1.78388384e-02, 2.29720781e-03, 6.07722103e-04, 1.00551577e-02,\n",
      "        1.13165778e-04, 6.00871280e-02, 2.16345278e-02, 0.00000000e+00,\n",
      "        5.56084113e-04, 1.61961559e-01, 1.80951799e+00, 8.15396986e-04,\n",
      "        1.85921493e-03, 4.74107506e-03, 1.34767960e-03, 4.53040078e-04,\n",
      "        8.79511492e-05, 5.30765152e-05, 3.08313512e-05, 1.71155621e-06,\n",
      "        1.41339720e-05],\n",
      "       [2.74771994e-04, 6.31016813e-03, 1.96442196e-03, 8.84401957e-04,\n",
      "        5.04103702e-02, 5.65513938e-03, 4.60194458e-03, 5.56084113e-04,\n",
      "        0.00000000e+00, 3.26587769e-04, 5.03008807e-04, 1.80545922e+00,\n",
      "        1.59323612e-01, 6.14755436e-06, 1.79625718e-04, 1.56655951e-05,\n",
      "        1.10363515e-05, 2.01517235e-04, 2.71118550e-03, 1.22935664e-02,\n",
      "        3.20090771e-02],\n",
      "       [9.79320815e-03, 2.18357004e-04, 1.41354247e-03, 2.23626750e-03,\n",
      "        4.75810014e-05, 1.65501545e-02, 3.78809247e-03, 1.61961559e-01,\n",
      "        3.26587769e-04, 0.00000000e+00, 1.06868012e+00, 7.88895911e-04,\n",
      "        6.12888219e-04, 8.73464952e-01, 3.03014293e-04, 5.40913890e-05,\n",
      "        3.70779350e-04, 2.82569902e-05, 7.50850224e-06, 2.32013998e-06,\n",
      "        2.17820662e-05],\n",
      "       [9.91143100e-03, 1.29978589e-02, 1.28624601e-02, 5.00436667e-03,\n",
      "        1.33707034e-04, 9.61367109e-01, 9.83078069e-03, 1.80951799e+00,\n",
      "        5.03008807e-04, 1.06868012e+00, 0.00000000e+00, 5.02068501e-04,\n",
      "        2.61876556e-03, 2.59007934e-03, 1.89372313e-03, 1.16893581e-03,\n",
      "        1.25209236e-03, 6.77355054e-04, 1.80768024e-05, 4.43728354e-06,\n",
      "        1.83910056e-05],\n",
      "       [5.90399905e-04, 1.87184303e-02, 5.03393979e-03, 1.25912524e-03,\n",
      "        1.02100677e+00, 1.36374270e-02, 5.03228752e-03, 8.15396986e-04,\n",
      "        1.80545922e+00, 7.88895911e-04, 5.02068501e-04, 0.00000000e+00,\n",
      "        1.01049447e+00, 2.93905339e-05, 1.95613077e-04, 1.99959416e-04,\n",
      "        1.36293272e-05, 2.99618084e-04, 4.65174000e-03, 2.65416340e-03,\n",
      "        1.91656835e-02],\n",
      "       [8.75022407e-03, 2.41777027e-02, 7.58090517e-03, 9.55069387e-03,\n",
      "        1.47497900e-02, 3.02273442e-02, 1.01519419e+00, 1.85921493e-03,\n",
      "        1.59323612e-01, 6.12888219e-04, 2.61876556e-03, 1.01049447e+00,\n",
      "        0.00000000e+00, 4.17179370e-04, 1.17574322e-03, 2.31262288e-03,\n",
      "        3.34602136e-04, 5.97964412e-04, 8.12343936e-03, 1.53934533e-03,\n",
      "        7.11735961e-03],\n",
      "       [6.35706646e-04, 1.00082890e-04, 3.52616546e-04, 4.38363913e-05,\n",
